0 1 2 3 4 5 6 7 8 9 10 11 12 13 14 15 16 17 18 19 20 21 22 23 24 25 26 27 28 29 30 31 32 33 34 35 36 37 38 39 40 41 42 43 44 45 46 47 48 49 50 51 52 53 54 55 56 57 58 59 60 61 62 63 64 65 66 67 68 69 70 71 72 73 74 75 76 77 78 79 80 81 82 83 84 85 86 87 88 89 90 91 92 93 94 95 96 97 98 99 100 101 102 103 104 105 106 107 108 109 110 111 112 113 114 115 116 117 118 119 120 121 122 123 124 125 126 127 
1 0 32 63 8 125 83 15 4 122 45 38 35 29 92 7 64 116 70 89 107 75 41 69 117 57 87 56 118 13 102 127 2 104 85 12 119 50 11 86 58 22 67 81 77 10 51 106 90 113 37 46 95 111 74 108 27 25 40 76 82 126 103 3 16 80 68 42 66 23 18 110 96 99 54 21 59 44 123 115 65 43 60 6 93 34 39 26 109 19 48 101 14 84 105 52 72 98 97 73 112 91 30 62 33 94 47 20 55 88 71 53 100 49 120 79 17 24 28 36 114 124 9 78 121 5 61 31 
2 32 0 33 64 9 126 84 16 5 123 46 39 36 30 93 8 65 117 71 90 108 76 42 70 118 58 88 57 119 14 103 1 3 105 86 13 120 51 12 87 59 23 68 82 78 11 52 107 91 114 38 47 96 112 75 109 28 26 41 77 83 127 104 4 17 81 69 43 67 24 19 111 97 100 55 22 60 45 124 116 66 44 61 7 94 35 40 27 110 20 49 102 15 85 106 53 73 99 98 74 113 92 31 63 34 95 48 21 56 89 72 54 101 50 121 80 18 25 29 37 115 125 10 79 122 6 62 
32 2 1 104 16 122 61 93 64 125 78 51 86 119 102 84 4 80 24 110 48 55 59 67 18 28 40 109 25 36 92 62 0 63 94 39 29 114 46 35 26 76 69 66 60 123 38 95 20 101 120 11 106 72 100 21 88 118 87 22 44 6 31 33 8 116 43 23 81 42 117 89 53 98 112 108 41 82 10 121 17 68 77 126 15 105 12 58 56 71 107 113 30 7 34 47 111 99 73 97 54 49 14 127 3 85 52 90 75 27 19 96 74 91 37 124 65 70 57 13 50 79 5 45 115 9 83 103 
3 63 33 0 34 65 10 127 85 17 6 124 47 40 37 31 94 9 66 118 72 91 109 77 43 71 119 59 89 58 120 15 104 2 4 106 87 14 121 52 13 88 60 24 69 83 79 12 53 108 92 115 39 48 97 113 76 110 29 27 42 78 84 1 105 5 18 82 70 44 68 25 20 112 98 101 56 23 61 46 125 117 67 45 62 8 95 36 41 28 111 21 50 103 16 86 107 54 74 100 99 75 114 93 32 64 35 96 49 22 57 90 73 55 102 51 122 81 19 26 30 38 116 126 11 80 123 7 
63 3 104 1 85 80 45 31 34 116 83 121 106 58 50 127 105 122 68 28 96 101 88 44 81 110 36 76 19 40 114 7 33 32 8 47 26 92 124 95 29 109 82 117 23 6 115 35 111 55 14 79 86 90 98 49 59 71 13 56 67 123 93 0 94 125 70 60 18 77 66 57 107 100 97 91 27 69 126 51 5 24 42 10 103 4 52 119 22 118 53 75 37 62 64 39 20 74 54 112 73 21 120 84 2 16 12 72 113 41 25 48 99 108 30 46 9 43 89 87 102 11 17 61 38 65 78 15 
33 104 3 2 105 17 123 62 94 65 126 79 52 87 120 103 85 5 81 25 111 49 56 60 68 19 29 41 110 26 37 93 63 0 64 95 40 30 115 47 36 27 77 70 67 61 124 39 96 21 102 121 12 107 73 101 22 89 119 88 23 45 7 32 34 9 117 44 24 82 43 118 90 54 99 113 109 42 83 11 122 18 69 78 127 16 106 13 59 57 72 108 114 31 8 35 48 112 100 74 98 55 50 15 1 4 86 53 91 76 28 20 97 75 92 38 125 66 71 58 14 51 80 6 46 116 10 84 
104 33 63 32 94 116 78 103 105 80 61 115 95 26 114 62 34 125 43 57 53 113 27 82 66 89 13 22 71 87 50 84 3 1 16 52 58 102 79 106 119 56 44 18 42 126 121 86 72 75 30 124 35 20 99 91 41 19 36 109 69 10 15 2 85 122 24 77 117 60 81 28 48 74 73 49 88 67 6 38 9 70 23 123 31 64 47 29 76 25 96 55 120 127 4 12 90 100 112 54 97 108 37 7 0 8 39 111 101 59 118 107 98 21 14 11 5 68 110 40 92 46 65 83 51 17 45 93 
4 8 64 34 0 35 66 11 1 86 18 7 125 48 41 38 32 95 10 67 119 73 92 110 78 44 72 120 60 90 59 121 16 105 3 5 107 88 15 122 53 14 89 61 25 70 84 80 13 54 109 93 116 40 49 98 114 77 111 30 28 43 79 85 2 106 6 19 83 71 45 69 26 21 113 99 102 57 24 62 47 126 118 68 46 63 9 96 37 42 29 112 22 51 104 17 87 108 55 75 101 100 76 115 94 33 65 36 97 50 23 58 91 74 56 103 52 123 82 20 27 31 39 117 127 12 81 124 
8 4 16 85 1 12 68 38 0 39 70 15 5 90 22 11 2 52 45 42 36 99 14 71 123 77 96 114 82 48 76 124 64 94 63 125 20 109 7 9 111 92 19 126 57 18 93 65 29 74 88 84 17 58 113 97 120 44 53 102 118 81 115 34 32 47 83 89 6 110 10 23 87 75 49 73 30 25 117 103 106 61 28 66 51 3 122 72 50 67 13 100 41 46 33 116 26 55 108 21 91 112 59 79 105 104 80 119 98 37 69 40 101 54 27 62 95 78 60 107 56 127 86 24 31 35 43 121 
64 16 4 105 2 86 81 46 32 35 117 84 122 107 59 51 1 106 123 69 29 97 102 89 45 82 111 37 77 20 41 115 8 34 33 9 48 27 93 125 96 30 110 83 118 24 7 116 36 112 56 15 80 87 91 99 50 60 72 14 57 68 124 94 0 95 126 71 61 19 78 67 58 108 101 98 92 28 70 127 52 6 25 43 11 104 5 53 120 23 119 54 76 38 63 65 40 21 75 55 113 74 22 121 85 3 17 13 73 114 42 26 49 100 109 31 47 10 44 90 88 103 12 18 62 39 66 79 
16 64 8 94 32 39 43 51 2 12 24 93 9 20 76 46 0 47 78 23 13 98 30 19 10 60 53 50 44 107 22 79 4 85 104 122 90 56 84 5 72 102 71 6 28 117 15 17 119 100 27 7 65 26 101 73 37 82 96 92 25 66 121 105 1 52 61 110 126 89 123 42 40 55 91 97 14 118 18 31 95 83 57 81 38 33 125 111 114 69 36 74 59 11 3 80 58 75 21 108 49 54 41 124 34 63 116 29 99 120 67 87 113 112 88 127 106 45 77 48 109 62 35 70 103 86 68 115 
34 85 105 4 3 106 18 124 63 95 66 127 80 53 88 121 104 86 6 82 26 112 50 57 61 69 20 30 42 111 27 38 94 64 0 65 96 41 31 116 48 37 28 78 71 68 62 125 40 97 22 103 122 13 108 74 102 23 90 120 89 24 46 8 33 35 10 118 45 25 83 44 119 91 55 100 114 110 43 84 12 123 19 70 79 1 17 107 14 60 58 73 109 115 32 9 36 49 113 101 75 99 56 51 16 2 5 87 54 92 77 29 21 98 76 93 39 126 67 72 59 15 52 81 7 47 117 11 
85 34 94 8 63 47 70 121 3 52 68 31 65 111 109 124 33 39 83 60 87 100 37 25 126 23 107 102 67 53 56 11 105 16 1 80 72 22 127 17 90 50 118 123 110 66 103 5 58 98 41 62 9 29 55 54 30 69 48 114 19 117 51 4 104 12 45 28 10 57 6 77 36 101 108 112 120 71 81 93 35 78 89 18 115 0 116 20 92 82 40 99 88 79 2 122 119 113 49 91 21 73 27 46 64 32 125 26 74 14 44 13 75 97 59 84 86 61 42 96 76 7 95 43 15 106 24 38 
105 94 34 64 33 95 117 79 104 106 81 62 116 96 27 115 63 35 126 44 58 54 114 28 83 67 90 14 23 72 88 51 85 4 2 17 53 59 103 80 107 120 57 45 19 43 127 122 87 73 76 31 125 36 21 100 92 42 20 37 110 70 11 16 3 86 123 25 78 118 61 82 29 49 75 74 50 89 68 7 39 10 71 24 124 32 65 48 30 77 26 97 56 121 1 5 13 91 101 113 55 98 109 38 8 0 9 40 112 102 60 119 108 99 22 15 12 6 69 111 41 93 47 66 84 52 18 46 
94 105 85 16 104 52 24 115 33 47 43 103 17 72 56 79 3 12 61 77 40 74 120 118 6 42 48 92 69 96 109 46 34 8 32 116 111 76 62 65 20 114 25 10 89 81 31 9 26 99 59 127 5 119 75 112 14 67 107 50 71 18 38 64 63 39 78 57 123 28 126 60 13 113 21 54 37 19 66 15 86 45 110 117 121 2 80 90 102 44 87 98 27 124 0 125 29 101 91 49 108 97 88 11 4 1 122 58 100 30 82 36 55 73 41 7 35 83 23 53 22 84 106 68 93 95 70 51 
5 125 9 65 35 0 36 67 12 2 87 19 8 126 49 42 39 33 96 11 68 120 74 93 111 79 45 73 121 61 91 60 122 17 106 4 6 108 89 16 123 54 15 90 62 26 71 85 81 14 55 110 94 117 41 50 99 115 78 112 31 29 44 80 86 3 107 7 20 84 72 46 70 27 22 114 100 103 58 25 63 48 127 119 69 47 64 10 97 38 43 30 113 23 52 105 18 88 109 56 76 102 101 77 116 95 34 66 37 98 51 24 59 92 75 57 104 53 124 83 21 28 32 40 118 1 13 82 
125 5 122 80 12 1 119 42 35 32 26 89 4 61 113 67 86 104 72 38 66 114 54 84 53 115 10 99 124 126 101 82 9 116 47 8 83 55 19 64 78 74 7 48 103 87 110 34 43 92 108 71 105 24 22 37 73 79 123 100 127 13 77 65 39 63 20 15 107 93 96 51 18 56 41 120 112 62 40 57 3 90 31 36 23 106 16 45 98 11 81 102 49 69 95 94 70 109 88 27 59 30 91 44 17 52 85 68 50 97 46 117 76 14 21 25 33 111 121 6 75 118 2 58 28 0 29 60 
9 122 5 17 86 2 13 69 39 0 40 71 16 6 91 23 12 3 53 46 43 37 100 15 72 124 78 97 115 83 49 77 125 65 95 64 126 21 110 8 10 112 93 20 127 58 19 94 66 30 75 89 85 18 59 114 98 121 45 54 103 119 82 116 35 33 48 84 90 7 111 11 24 88 76 50 74 31 26 118 104 107 62 29 67 52 4 123 73 51 68 14 101 42 47 34 117 27 56 109 22 92 113 60 80 106 105 81 120 99 38 70 41 102 55 28 63 96 79 61 108 57 1 87 25 32 36 44 
122 9 125 116 39 32 29 23 86 1 58 110 64 83 101 69 35 63 111 51 81 50 112 7 96 121 123 98 79 6 113 44 5 80 52 16 61 75 71 4 45 100 84 107 31 40 89 105 68 102 21 19 34 70 76 120 97 124 10 74 62 36 60 17 12 104 90 93 48 15 53 38 117 109 59 37 54 127 87 28 33 20 103 13 42 95 8 78 99 46 66 92 91 67 106 85 24 56 27 88 41 14 49 82 65 47 94 43 114 73 11 18 22 30 108 118 3 72 115 126 55 25 0 26 57 2 119 77 
65 80 17 5 106 3 87 82 47 33 36 118 85 123 108 60 52 2 107 124 70 30 98 103 90 46 83 112 38 78 21 42 116 9 35 34 10 49 28 94 126 97 31 111 84 119 25 8 117 37 113 57 16 81 88 92 100 51 61 73 15 58 69 125 95 0 96 127 72 62 20 79 68 59 109 102 99 93 29 71 1 53 7 26 44 12 105 6 54 121 24 120 55 77 39 64 66 41 22 76 56 114 75 23 122 86 4 18 14 74 115 43 27 50 101 110 32 48 11 45 91 89 104 13 19 63 40 67 
80 65 116 125 47 63 26 60 106 104 119 28 34 78 55 82 95 32 20 121 18 102 97 62 48 51 6 100 11 123 75 67 17 122 12 85 45 113 118 105 61 98 127 53 93 36 57 4 24 50 49 25 64 43 109 14 112 46 126 99 7 40 23 5 52 1 72 31 96 103 107 115 66 76 88 30 73 84 13 110 0 111 15 87 77 35 94 83 74 124 117 114 108 44 86 16 68 22 41 59 27 120 21 69 9 39 8 70 92 54 79 81 56 37 91 71 2 90 38 10 101 19 33 29 89 3 58 42 
17 116 65 9 95 33 40 44 52 3 13 25 94 10 21 77 47 0 48 79 24 14 99 31 20 11 61 54 51 45 108 23 80 5 86 105 123 91 57 85 6 73 103 72 7 29 118 16 18 120 101 28 8 66 27 102 74 38 83 97 93 26 67 122 106 2 53 62 111 127 90 124 43 41 56 92 98 15 119 19 32 96 84 58 82 39 34 126 112 115 70 37 75 60 12 4 81 59 76 22 109 50 55 42 125 35 64 117 30 100 121 68 88 114 113 89 1 107 46 78 49 110 63 36 71 104 87 69 
116 17 80 122 52 104 58 77 95 63 29 57 105 45 75 44 106 1 90 115 117 92 73 127 107 38 126 74 46 10 55 69 65 125 39 94 78 101 25 34 83 99 62 96 15 13 28 64 70 114 91 118 4 68 56 30 54 11 6 98 84 87 42 9 47 32 111 103 53 31 48 121 81 22 27 14 97 7 36 89 2 72 93 40 60 86 85 61 100 79 18 50 21 82 35 8 43 76 59 41 88 37 108 67 5 12 16 24 102 112 124 66 109 120 49 19 0 20 51 123 113 71 3 119 110 33 26 23 
35 12 86 106 5 4 107 19 125 64 96 67 1 81 54 89 122 105 87 7 83 27 113 51 58 62 70 21 31 43 112 28 39 95 65 0 66 97 42 32 117 49 38 29 79 72 69 63 126 41 98 23 104 123 14 109 75 103 24 91 121 90 25 47 9 34 36 11 119 46 26 84 45 120 92 56 101 115 111 44 85 13 124 20 71 80 2 18 108 15 61 59 74 110 116 33 10 37 50 114 102 76 100 57 52 17 3 6 88 55 93 78 30 22 99 77 94 40 127 68 73 60 16 53 82 8 48 118 
12 35 39 47 125 8 20 89 5 16 72 42 0 43 74 19 9 94 26 15 6 56 49 46 40 103 18 75 127 81 100 118 86 52 80 1 68 98 67 2 24 113 11 13 115 96 23 3 61 22 97 69 33 78 92 88 21 62 117 101 124 48 57 106 122 85 119 38 36 51 87 93 10 114 14 27 91 79 53 77 34 29 121 107 110 65 32 70 55 7 126 76 54 71 17 104 45 50 37 120 30 59 112 25 95 116 63 83 109 108 84 123 102 41 73 44 105 58 31 66 99 82 64 111 60 4 90 28 
86 39 35 95 9 64 48 71 122 4 53 69 32 66 112 110 125 34 40 84 61 88 101 38 26 127 24 108 103 68 54 57 12 106 17 2 81 73 23 1 18 91 51 119 124 111 67 104 6 59 99 42 63 10 30 56 55 31 70 49 115 20 118 52 5 105 13 46 29 11 58 7 78 37 102 109 113 121 72 82 94 36 79 90 19 116 0 117 21 93 83 41 100 89 80 3 123 120 114 50 92 22 74 28 47 65 33 126 27 75 15 45 14 76 98 60 85 87 62 43 97 77 8 96 44 16 107 25 
39 86 12 52 122 16 90 110 9 8 111 23 2 68 100 71 5 85 58 93 126 109 91 11 87 31 117 55 62 66 74 25 35 47 116 32 43 99 69 0 70 101 46 36 121 53 42 33 83 76 73 67 3 45 102 27 108 127 18 113 79 107 28 95 125 94 29 51 13 38 40 15 123 50 30 88 49 124 96 60 105 119 115 48 89 17 1 24 75 84 6 22 112 19 65 63 78 114 120 37 14 41 54 118 106 80 104 61 56 21 7 10 92 59 97 82 34 26 103 81 98 44 4 72 77 64 20 57 
106 47 95 35 65 34 96 118 80 105 107 82 63 117 97 28 116 64 36 127 45 59 55 115 29 84 68 91 15 24 73 89 52 86 5 3 18 54 60 104 81 108 121 58 46 20 44 1 123 88 74 77 32 126 37 22 101 93 43 21 38 111 71 12 17 4 87 124 26 79 119 62 83 30 50 76 75 51 90 69 8 40 11 72 25 125 33 66 49 31 78 27 98 57 122 2 6 14 92 102 114 56 99 110 39 9 0 10 41 113 103 61 120 109 100 23 16 13 7 70 112 42 94 48 67 85 53 19 
47 106 52 12 80 85 72 28 65 94 20 60 3 24 98 118 17 16 119 31 10 76 108 79 13 93 66 101 7 117 99 19 95 39 125 63 70 74 82 33 43 55 124 40 51 107 77 0 78 109 54 44 2 61 50 41 91 84 81 75 11 53 110 35 116 8 26 121 87 115 36 103 6 102 37 59 21 46 48 23 4 58 38 96 57 5 104 68 113 127 123 56 97 25 9 32 83 92 14 30 120 27 73 71 86 122 1 45 22 49 62 126 114 88 112 69 64 29 15 18 100 67 105 90 42 34 111 89 
95 52 106 86 17 105 53 25 116 34 48 44 104 18 73 57 80 4 13 62 78 41 75 121 119 7 43 49 93 70 97 110 47 35 9 33 117 112 77 63 66 21 115 26 11 90 82 32 10 27 100 60 1 6 120 76 113 15 68 108 51 72 19 39 65 64 40 79 58 124 29 127 61 14 114 22 55 38 20 67 16 87 46 111 118 122 3 81 91 103 45 88 99 28 125 0 126 30 102 92 50 109 98 89 12 5 2 123 59 101 31 83 37 56 74 42 8 36 84 24 54 23 85 107 69 94 96 71 
52 95 47 39 116 94 111 57 17 85 90 77 33 70 99 25 65 8 29 103 123 22 21 124 36 15 81 113 84 18 98 71 106 12 122 104 24 100 44 3 68 75 79 87 38 48 60 2 45 56 112 82 0 83 114 59 49 7 66 55 46 96 89 86 80 16 58 115 40 121 13 31 126 92 120 41 108 11 107 42 64 26 51 53 28 9 63 43 101 62 10 109 73 118 5 1 61 102 30 14 37 88 97 19 35 125 32 78 76 91 127 6 50 27 54 67 4 119 93 117 74 69 34 20 23 105 72 110 
6 83 126 10 66 36 0 37 68 13 3 88 20 9 127 50 43 40 34 97 12 69 121 75 94 112 80 46 74 122 62 92 61 123 18 107 5 7 109 90 17 124 55 16 91 63 27 72 86 82 15 56 111 95 118 42 51 100 116 79 113 32 30 45 81 87 4 108 8 21 85 73 47 71 28 23 115 101 104 59 26 64 49 1 120 70 48 65 11 98 39 44 31 114 24 53 106 19 89 110 57 77 103 102 78 117 96 35 67 38 99 52 25 60 93 76 58 105 54 125 84 22 29 33 41 119 2 14 
83 6 61 45 68 119 1 50 66 29 63 109 107 122 31 37 81 58 85 98 35 23 124 21 105 100 65 51 54 9 103 14 126 78 70 20 125 15 88 48 116 121 108 64 101 3 56 96 39 60 7 27 53 52 28 67 46 112 17 115 49 2 102 10 43 26 8 55 4 75 34 99 106 110 118 69 79 91 33 76 87 16 113 0 114 18 90 80 38 97 86 77 127 120 117 111 47 89 19 71 25 44 62 30 123 24 72 12 42 11 73 95 57 82 84 59 40 94 74 5 93 41 13 104 22 36 32 92 
126 61 6 123 81 13 2 120 43 36 33 27 90 5 62 114 68 87 105 73 39 67 115 55 85 54 116 11 100 125 127 102 83 10 117 48 9 84 56 20 65 79 75 8 49 104 88 111 35 44 93 109 72 106 25 23 38 74 80 124 101 1 14 78 66 40 64 21 16 108 94 97 52 19 57 42 121 113 63 41 58 4 91 32 37 24 107 17 46 99 12 82 103 50 70 96 95 71 110 89 28 60 31 92 45 18 53 86 69 51 98 47 118 77 15 22 26 34 112 122 7 76 119 3 59 29 0 30 
61 126 83 78 43 29 32 114 81 119 104 56 48 125 103 120 66 26 94 99 86 42 79 108 34 74 17 38 112 5 31 30 6 45 24 90 122 93 27 107 80 115 21 4 113 33 109 53 12 77 84 88 96 47 57 69 11 54 65 121 91 0 92 123 68 58 16 75 64 55 105 98 95 89 25 67 124 49 3 22 40 8 101 2 50 117 20 116 51 73 35 60 62 37 18 72 52 110 71 19 118 82 127 14 10 70 111 39 23 46 97 106 28 44 7 41 87 85 100 9 15 59 36 63 76 13 1 102 
10 45 123 6 18 87 3 14 70 40 0 41 72 17 7 92 24 13 4 54 47 44 38 101 16 73 125 79 98 116 84 50 78 126 66 96 65 127 22 111 9 11 113 94 21 1 59 20 95 67 31 76 90 86 19 60 115 99 122 46 55 104 120 83 117 36 34 49 85 91 8 112 12 25 89 77 51 75 32 27 119 105 108 63 30 68 53 5 124 74 52 69 15 102 43 48 35 118 28 57 110 23 93 114 61 81 107 106 82 121 100 39 71 42 103 56 29 64 97 80 62 109 58 2 88 26 33 37 
45 10 78 83 70 26 63 92 18 58 1 22 96 116 15 14 117 29 8 74 106 77 11 91 64 99 5 115 97 17 93 37 123 61 68 72 80 31 41 53 122 38 49 105 75 0 76 107 52 42 127 59 48 39 89 82 79 73 9 51 108 33 114 6 24 119 85 113 34 101 4 100 35 57 19 44 46 21 2 56 36 94 55 3 102 66 111 125 121 54 95 23 7 30 81 90 12 28 118 25 71 69 84 120 126 43 20 47 60 124 112 86 110 67 62 27 13 16 98 65 103 88 40 32 109 87 104 50 
123 78 10 126 117 40 33 30 24 87 2 59 111 65 84 102 70 36 64 112 52 82 51 113 8 97 122 124 99 80 7 114 45 6 81 53 17 62 76 72 5 46 101 85 108 32 41 90 106 69 103 22 20 35 71 77 121 98 125 11 75 63 37 61 18 13 105 91 94 49 16 54 39 118 110 60 38 55 1 88 29 34 21 104 14 43 96 9 79 100 47 67 93 92 68 107 86 25 57 28 89 42 15 50 83 66 48 95 44 115 74 12 19 23 31 109 119 4 73 116 127 56 26 0 27 58 3 120 
78 123 45 61 24 58 104 102 117 26 32 76 53 80 93 30 18 119 16 100 95 60 46 49 4 98 9 121 73 65 15 120 10 83 43 111 116 103 59 96 125 51 91 34 55 2 22 48 47 23 62 41 107 12 110 44 124 97 5 38 21 3 50 126 70 29 94 101 105 113 64 74 86 28 71 82 11 108 0 109 13 85 75 33 92 81 72 122 115 112 106 42 84 14 66 20 39 57 25 118 19 67 7 37 6 68 90 52 77 79 54 35 89 69 127 88 36 8 99 17 31 27 87 1 56 40 63 114 
66 68 81 18 6 107 4 88 83 48 34 37 119 86 124 109 61 53 3 108 125 71 31 99 104 91 47 84 113 39 79 22 43 117 10 36 35 11 50 29 95 127 98 32 112 85 120 26 9 118 38 114 58 17 82 89 93 101 52 62 74 16 59 70 126 96 0 97 1 73 63 21 80 69 60 110 103 100 94 30 72 2 54 8 27 45 13 106 7 55 122 25 121 56 78 40 65 67 42 23 77 57 115 76 24 123 87 5 19 15 75 116 44 28 51 102 111 33 49 12 46 92 90 105 14 20 64 41 
68 66 43 70 83 20 8 109 6 90 85 50 36 39 121 88 126 111 63 55 5 110 127 73 33 101 106 93 49 86 115 41 81 24 45 119 12 38 37 13 52 31 97 2 100 34 114 87 122 28 11 120 40 116 60 19 84 91 95 103 54 64 76 18 61 72 1 98 0 99 3 75 65 23 82 71 62 112 105 102 96 32 74 4 56 10 29 47 15 108 9 57 124 27 123 58 80 42 67 69 44 25 79 59 117 78 26 125 89 7 21 17 77 118 46 30 53 104 113 35 51 14 48 94 92 107 16 22 
81 43 66 117 126 48 64 27 61 107 105 120 29 35 79 56 83 96 33 21 122 19 103 98 63 49 52 7 101 12 124 76 68 18 123 13 86 46 114 119 106 62 99 1 54 94 37 58 5 25 51 50 26 65 44 110 15 113 47 127 100 8 41 24 6 53 2 73 32 97 104 108 116 67 77 89 31 74 85 14 111 0 112 16 88 78 36 95 84 75 125 118 115 109 45 87 17 69 23 42 60 28 121 22 70 10 40 9 71 93 55 80 82 57 38 92 72 3 91 39 11 102 20 34 30 90 4 59 
43 81 68 24 61 90 16 56 126 20 94 114 13 12 115 27 6 72 104 75 9 89 62 97 3 113 95 15 91 35 121 59 66 70 78 29 39 51 120 36 47 103 73 0 74 105 50 40 125 57 46 37 87 80 77 71 7 49 106 31 112 4 22 117 83 111 32 99 2 98 33 55 17 42 44 19 127 54 34 92 53 1 100 64 109 123 119 52 93 21 5 28 79 88 10 26 116 23 69 67 82 118 124 41 18 45 58 122 110 84 108 65 60 25 11 14 96 63 101 86 38 30 107 85 102 48 8 76 
18 70 117 66 10 96 34 41 45 53 4 14 26 95 11 22 78 48 0 49 80 25 15 100 32 21 12 62 55 52 46 109 24 81 6 87 106 124 92 58 86 7 74 104 73 8 30 119 17 19 121 102 29 9 67 28 103 75 39 84 98 94 27 68 123 107 3 54 63 112 1 91 125 44 42 57 93 99 16 120 20 33 97 85 59 83 40 35 127 113 116 71 38 76 61 13 5 82 60 77 23 110 51 56 43 126 36 65 118 31 101 122 69 89 115 114 90 2 108 47 79 50 111 64 37 72 105 88 
70 18 24 68 45 72 85 22 10 111 8 92 87 52 38 41 123 90 1 113 65 57 7 112 2 75 35 103 108 95 51 88 117 43 83 26 47 121 14 40 39 15 54 33 99 4 102 36 116 89 124 30 13 122 42 118 62 21 86 93 97 105 56 66 78 20 63 74 3 100 0 101 5 77 67 25 84 73 64 114 107 104 98 34 76 6 58 12 31 49 17 110 11 59 126 29 125 60 82 44 69 71 46 27 81 61 119 80 28 127 91 9 23 19 79 120 48 32 55 106 115 37 53 16 50 96 94 109 
117 24 18 81 123 53 105 59 78 96 64 30 58 106 46 76 45 107 2 91 116 118 93 74 1 108 39 127 75 47 11 56 70 66 126 40 95 79 102 26 35 84 100 63 97 16 14 29 65 71 115 92 119 5 69 57 31 55 12 7 99 85 88 43 10 48 33 112 104 54 32 49 122 82 23 28 15 98 8 37 90 3 73 94 41 61 87 86 62 101 80 19 51 22 83 36 9 44 77 60 42 89 38 109 68 6 13 17 25 103 113 125 67 110 121 50 20 0 21 52 124 114 72 4 120 111 34 27 
24 117 70 43 78 111 94 76 123 72 16 102 40 47 51 59 10 20 32 101 17 28 84 54 0 55 86 31 21 106 38 27 18 68 61 58 52 115 30 87 12 93 112 3 98 64 92 13 80 110 79 14 36 125 23 25 127 108 35 15 73 34 109 81 45 90 104 100 33 74 2 113 9 60 69 118 7 97 4 50 48 63 99 105 22 126 26 39 103 91 65 89 46 41 6 119 122 77 44 82 67 19 11 88 66 83 29 116 57 62 49 5 42 71 124 37 107 1 75 95 121 120 96 8 114 53 85 56 
36 119 13 87 107 6 5 108 20 126 65 97 68 2 82 55 90 123 106 88 8 84 28 114 52 59 63 71 22 32 44 113 29 40 96 66 0 67 98 43 33 118 50 39 30 80 73 70 64 127 42 99 24 105 124 15 110 76 104 25 92 122 91 26 48 10 35 37 12 120 47 27 85 46 121 93 57 102 116 112 45 86 14 125 21 72 81 3 19 109 16 62 60 75 111 117 34 11 38 51 115 103 77 101 58 53 18 4 7 89 56 94 79 31 23 100 78 95 41 1 69 74 61 17 54 83 9 49 
119 36 29 26 20 83 125 55 107 61 80 98 66 32 60 108 48 78 47 109 4 93 118 120 95 76 3 110 41 2 77 49 13 58 72 68 1 42 97 81 104 28 37 86 102 65 99 18 16 31 67 73 117 94 121 7 71 59 33 57 14 9 101 87 90 45 12 50 35 114 106 56 34 51 124 84 25 30 17 100 10 39 92 5 75 96 43 63 89 88 64 103 82 21 53 24 85 38 11 46 79 62 44 91 40 111 70 8 15 19 27 105 115 127 69 112 123 52 22 0 23 54 126 116 74 6 122 113 
13 29 36 40 48 126 9 21 90 6 17 73 43 0 44 75 20 10 95 27 16 7 57 50 47 41 104 19 76 1 82 101 119 87 53 81 2 69 99 68 3 25 114 12 14 116 97 24 4 62 23 98 70 34 79 93 89 22 63 118 102 125 49 58 107 123 86 120 39 37 52 88 94 11 115 15 28 92 80 54 78 35 30 122 108 111 66 33 71 56 8 127 77 55 72 18 105 46 51 38 121 31 60 113 26 96 117 64 84 110 109 85 124 103 42 74 45 106 59 32 67 100 83 65 112 61 5 91 
29 13 119 58 90 61 122 75 48 83 116 99 81 1 77 21 107 45 52 56 64 15 25 37 106 22 33 89 59 0 60 91 36 26 111 43 32 23 73 66 63 57 120 35 92 17 98 117 8 103 69 97 18 85 115 84 19 41 3 28 30 5 113 40 20 78 39 114 86 50 95 109 105 38 79 7 118 14 65 74 123 12 102 9 55 53 68 104 110 27 4 31 44 108 96 70 94 51 46 11 124 127 82 49 87 72 24 16 93 71 88 34 121 62 67 54 10 47 76 2 42 112 6 80 100 126 125 101 
87 26 40 36 96 10 65 49 72 123 5 54 70 33 67 113 111 126 35 41 85 62 89 102 39 27 1 25 109 104 69 55 58 13 107 18 3 82 74 24 2 19 92 52 120 125 112 68 105 7 60 100 43 64 11 31 57 56 32 71 50 116 21 119 53 6 106 14 47 30 12 59 8 79 38 103 110 114 122 73 83 95 37 80 91 20 117 0 118 22 94 84 42 101 90 81 4 124 121 115 51 93 23 75 29 48 66 34 127 28 76 16 46 15 77 99 61 86 88 63 44 98 78 9 97 45 17 108 
26 87 58 119 72 45 80 113 96 78 125 74 18 104 42 49 53 61 12 22 34 103 19 30 86 56 0 57 88 33 23 108 40 29 20 70 63 60 54 117 32 89 14 95 114 5 100 66 94 15 82 112 81 16 38 127 25 27 2 110 37 17 75 36 111 83 47 92 106 102 35 76 4 115 11 62 71 120 9 99 6 52 50 65 101 107 24 1 28 41 105 93 67 91 48 43 8 121 124 79 46 84 69 21 13 90 68 85 31 118 59 64 51 7 44 73 126 39 109 3 77 97 123 122 98 10 116 55 
40 58 87 13 53 123 17 91 111 10 9 112 24 3 69 101 72 6 86 59 94 127 110 92 12 88 32 118 56 63 67 75 26 36 48 117 33 44 100 70 0 71 102 47 37 122 54 43 34 84 77 74 68 4 46 103 28 109 1 19 114 80 108 29 96 126 95 30 52 14 39 41 16 124 51 31 89 50 125 97 61 106 120 116 49 90 18 2 25 76 85 7 23 113 20 66 64 79 115 121 38 15 42 55 119 107 81 105 62 57 22 8 11 93 60 98 83 35 27 104 82 99 45 5 73 78 65 21 
58 40 26 29 111 78 116 101 53 45 122 100 117 63 23 91 96 83 39 76 105 31 71 14 35 109 2 28 27 3 42 21 87 119 90 24 104 77 112 18 1 110 30 106 50 9 74 81 85 93 44 54 66 8 51 62 118 88 0 89 120 65 55 13 72 61 52 102 95 92 86 22 64 121 46 127 19 37 5 98 126 47 114 17 113 48 70 32 57 59 34 15 69 49 107 68 16 115 79 124 11 7 67 108 36 20 43 94 103 25 41 4 38 84 82 97 6 12 56 33 60 73 10 125 99 123 80 75 
107 20 48 96 36 66 35 97 119 81 106 108 83 64 118 98 29 117 65 37 1 46 60 56 116 30 85 69 92 16 25 74 90 53 87 6 4 19 55 61 105 82 109 122 59 47 21 45 2 124 89 75 78 33 127 38 23 102 94 44 22 39 112 72 13 18 5 88 125 27 80 120 63 84 31 51 77 76 52 91 70 9 41 12 73 26 126 34 67 50 32 79 28 99 58 123 3 7 15 93 103 115 57 100 111 40 10 0 11 42 114 104 62 121 110 101 24 17 14 8 71 113 43 95 49 68 86 54 
20 107 90 72 119 68 12 98 36 43 47 55 6 16 28 97 13 24 80 50 0 51 82 27 17 102 34 23 14 64 57 54 48 111 26 83 8 89 108 126 94 60 88 9 76 106 75 10 32 121 19 21 123 104 31 11 69 30 105 77 41 86 100 96 29 70 125 109 5 56 65 114 3 93 127 46 44 59 95 101 18 122 22 35 99 87 61 85 42 37 2 115 118 73 40 78 63 15 7 84 62 79 25 112 53 58 45 1 38 67 120 33 103 124 71 91 117 116 92 4 110 49 81 52 113 66 39 74 
48 90 107 53 13 81 86 73 29 66 95 21 61 4 25 99 119 18 17 120 32 11 77 109 80 14 94 67 102 8 118 100 20 96 40 126 64 71 75 83 34 44 56 125 41 52 108 78 0 79 110 55 45 3 62 51 42 92 85 82 76 12 54 111 36 117 9 27 122 88 116 37 104 7 103 38 60 22 47 49 24 5 59 39 97 58 6 105 69 114 1 124 57 98 26 10 33 84 93 15 31 121 28 74 72 87 123 2 46 23 50 63 127 115 89 113 70 65 30 16 19 101 68 106 91 43 35 112 
90 48 20 111 29 43 39 99 13 68 52 75 126 8 57 73 36 70 116 114 2 38 44 88 65 92 105 42 30 4 28 112 107 72 58 61 16 110 21 6 85 77 27 5 22 95 55 123 1 115 71 108 10 63 103 46 67 14 34 60 59 35 74 53 119 24 122 56 9 109 17 50 33 15 62 11 82 41 106 113 117 125 76 86 98 40 83 94 23 120 0 121 25 97 87 45 104 93 84 7 127 124 118 54 96 26 78 32 51 69 37 3 31 79 19 49 18 80 102 64 89 91 66 47 101 81 12 100 
96 72 53 107 87 18 106 54 26 117 35 49 45 105 19 74 58 81 5 14 63 79 42 76 122 120 8 44 50 94 71 98 111 48 36 10 34 118 113 78 64 67 22 116 27 12 91 83 33 11 28 101 61 2 7 121 77 114 16 69 109 52 73 20 40 66 65 41 80 59 125 30 1 62 15 115 23 56 39 21 68 17 88 47 112 119 123 4 82 92 104 46 89 100 29 126 0 127 31 103 93 51 110 99 90 13 6 3 124 60 102 32 84 38 57 75 43 9 37 85 25 55 24 86 108 70 95 97 
72 96 111 20 26 70 47 74 87 24 12 113 10 94 89 54 40 43 125 92 3 115 67 59 9 114 4 77 37 105 110 97 53 90 119 45 85 28 49 123 16 42 41 17 56 35 101 6 104 38 118 91 126 32 15 124 44 120 64 23 88 95 99 107 58 68 80 22 65 76 5 102 0 103 7 79 69 27 86 75 66 116 109 106 100 36 78 8 60 14 33 51 19 112 13 61 1 31 127 62 84 46 71 73 48 29 83 63 121 82 30 2 93 11 25 21 81 122 50 34 57 108 117 39 55 18 52 98 
53 111 96 48 40 117 95 112 58 18 86 91 78 34 71 100 26 66 9 30 104 124 23 22 125 37 16 82 114 85 19 99 72 107 13 123 105 25 101 45 4 69 76 80 88 39 49 61 3 46 57 113 83 0 84 115 60 50 8 67 56 47 97 90 87 81 17 59 116 41 122 14 32 127 93 121 42 109 12 108 43 65 27 52 54 29 10 64 44 102 63 11 110 74 119 6 2 62 103 31 15 38 89 98 20 36 126 33 79 77 92 1 7 51 28 55 68 5 120 94 118 75 70 35 21 24 106 73 
111 53 72 90 58 24 52 100 40 70 39 101 123 85 110 112 87 68 122 102 33 121 69 41 5 50 64 60 120 34 89 73 96 20 29 78 94 57 91 10 8 23 59 65 109 86 113 126 63 51 25 49 6 1 93 79 82 37 4 42 27 106 98 48 26 43 116 76 17 22 9 92 2 31 84 124 67 88 35 55 81 80 56 95 74 13 45 16 77 30 3 38 71 54 36 83 32 103 62 127 7 11 19 97 107 119 61 104 115 44 14 0 15 46 118 108 66 125 114 105 28 21 18 12 75 117 47 99 
7 15 84 127 11 67 37 0 38 69 14 4 89 21 10 1 51 44 41 35 98 13 70 122 76 95 113 81 47 75 123 63 93 62 124 19 108 6 8 110 91 18 125 56 17 92 64 28 73 87 83 16 57 112 96 119 43 52 101 117 80 114 33 31 46 82 88 5 109 9 22 86 74 48 72 29 24 116 102 105 60 27 65 50 2 121 71 49 66 12 99 40 45 32 115 25 54 107 20 90 111 58 78 104 103 79 118 97 36 68 39 100 53 26 61 94 77 59 106 55 126 85 23 30 34 42 120 3 
15 7 93 31 38 42 50 1 11 23 92 8 19 75 45 0 46 77 22 12 97 29 18 9 59 52 49 43 106 21 78 3 84 103 121 89 55 83 4 71 101 70 5 27 116 14 16 118 99 26 6 64 25 100 72 36 81 95 91 24 65 120 104 127 51 60 109 125 88 122 41 39 54 90 96 13 117 17 30 94 82 56 80 37 32 124 110 113 68 35 73 58 10 2 79 57 74 20 107 48 53 40 123 33 62 115 28 98 119 66 86 112 111 87 126 105 44 76 47 108 61 34 69 102 85 67 114 63 
84 93 7 62 46 69 120 2 51 67 30 64 110 108 123 32 38 82 59 86 99 36 24 125 22 106 101 66 52 55 10 104 15 127 79 71 21 126 16 89 49 117 122 109 65 102 4 57 97 40 61 8 28 54 53 29 68 47 113 18 116 50 3 103 11 44 27 9 56 5 76 35 100 107 111 119 70 80 92 34 77 88 17 114 0 115 19 91 81 39 98 87 78 1 121 118 112 48 90 20 72 26 45 63 31 124 25 73 13 43 12 74 96 58 83 85 60 41 95 75 6 94 42 14 105 23 37 33 
93 84 15 103 51 23 114 32 46 42 102 16 71 55 78 2 11 60 76 39 73 119 117 5 41 47 91 68 95 108 45 33 7 31 115 110 75 61 64 19 113 24 9 88 80 30 8 25 98 58 126 4 118 74 111 13 66 106 49 70 17 37 63 62 38 77 56 122 27 125 59 12 112 20 53 36 18 65 14 85 44 109 116 120 1 79 89 101 43 86 97 26 123 0 124 28 100 90 48 107 96 87 10 3 127 121 57 99 29 81 35 54 72 40 6 34 82 22 52 21 83 105 67 92 94 69 50 104 
127 31 62 7 124 82 14 3 121 44 37 34 28 91 6 63 115 69 88 106 74 40 68 116 56 86 55 117 12 101 126 1 103 84 11 118 49 10 85 57 21 66 80 76 9 50 105 89 112 36 45 94 110 73 107 26 24 39 75 81 125 102 2 15 79 67 41 65 22 17 109 95 98 53 20 58 43 122 114 64 42 59 5 92 33 38 25 108 18 47 100 13 83 104 51 71 97 96 72 111 90 29 61 32 93 46 19 54 87 70 52 99 48 119 78 16 23 27 35 113 123 8 77 120 4 60 30 0 
31 127 103 15 121 60 92 63 124 77 50 85 118 101 83 3 79 23 109 47 54 58 66 17 27 39 108 24 35 91 61 0 62 93 38 28 113 45 34 25 75 68 65 59 122 37 94 19 100 119 10 105 71 99 20 87 117 86 21 43 5 30 32 7 115 42 22 80 41 116 88 52 97 111 107 40 81 9 120 16 67 76 125 14 104 11 57 55 70 106 112 29 6 33 46 110 98 72 96 53 48 13 126 2 84 51 89 74 26 18 95 73 90 36 123 64 69 56 12 49 78 4 44 114 8 82 102 1 
62 103 127 84 79 44 30 33 115 82 120 105 57 49 126 104 121 67 27 95 100 87 43 80 109 35 75 18 39 113 6 32 31 7 46 25 91 123 94 28 108 81 116 22 5 114 34 110 54 13 78 85 89 97 48 58 70 12 55 66 122 92 0 93 124 69 59 17 76 65 56 106 99 96 90 26 68 125 50 4 23 41 9 102 3 51 118 21 117 52 74 36 61 63 38 19 73 53 111 72 20 119 83 1 15 11 71 112 40 24 47 98 107 29 45 8 42 88 86 101 10 16 60 37 64 77 14 2 
103 62 31 93 115 77 102 104 79 60 114 94 25 113 61 33 124 42 56 52 112 26 81 65 88 12 21 70 86 49 83 2 127 15 51 57 101 78 105 118 55 43 17 41 125 120 85 71 74 29 123 34 19 98 90 40 18 35 108 68 9 14 1 84 121 23 76 116 59 80 27 47 73 72 48 87 66 5 37 8 69 22 122 30 63 46 28 75 24 95 54 119 126 3 11 89 99 111 53 96 107 36 6 0 7 38 110 100 58 117 106 97 20 13 10 4 67 109 39 91 45 64 82 50 16 44 92 32 
11 38 46 124 7 19 88 4 15 71 41 0 42 73 18 8 93 25 14 5 55 48 45 39 102 17 74 126 80 99 117 85 51 79 127 67 97 66 1 23 112 10 12 114 95 22 2 60 21 96 68 32 77 91 87 20 61 116 100 123 47 56 105 121 84 118 37 35 50 86 92 9 113 13 26 90 78 52 76 33 28 120 106 109 64 31 69 54 6 125 75 53 70 16 103 44 49 36 119 29 58 111 24 94 115 62 82 108 107 83 122 101 40 72 43 104 57 30 65 98 81 63 110 59 3 89 27 34 
38 11 51 121 15 89 109 8 7 110 22 1 67 99 70 4 84 57 92 125 108 90 10 86 30 116 54 61 65 73 24 34 46 115 31 42 98 68 0 69 100 45 35 120 52 41 32 82 75 72 66 2 44 101 26 107 126 17 112 78 106 27 94 124 93 28 50 12 37 39 14 122 49 29 87 48 123 95 59 104 118 114 47 88 16 127 23 74 83 5 21 111 18 64 62 77 113 119 36 13 40 53 117 105 79 103 60 55 20 6 9 91 58 96 81 33 25 102 80 97 43 3 71 76 63 19 56 85 
46 51 11 79 84 71 27 64 93 19 59 2 23 97 117 16 15 118 30 9 75 107 78 12 92 65 100 6 116 98 18 94 38 124 62 69 73 81 32 42 54 123 39 50 106 76 0 77 108 53 43 1 60 49 40 90 83 80 74 10 52 109 34 115 7 25 120 86 114 35 102 5 101 36 58 20 45 47 22 3 57 37 95 56 4 103 67 112 126 122 55 96 24 8 31 82 91 13 29 119 26 72 70 85 121 127 44 21 48 61 125 113 87 111 68 63 28 14 17 99 66 104 89 41 33 110 88 105 
51 46 38 115 93 110 56 16 84 89 76 32 69 98 24 64 7 28 102 122 21 20 123 35 14 80 112 83 17 97 70 105 11 121 103 23 99 43 2 67 74 78 86 37 47 59 1 44 55 111 81 0 82 113 58 48 6 65 54 45 95 88 85 79 15 57 114 39 120 12 30 125 91 119 40 107 10 106 41 63 25 50 52 27 8 62 42 100 61 9 108 72 117 4 127 60 101 29 13 36 87 96 18 34 124 31 77 75 90 126 5 49 26 53 66 3 118 92 116 73 68 33 19 22 104 71 109 94 
124 121 79 11 127 118 41 34 31 25 88 3 60 112 66 85 103 71 37 65 113 53 83 52 114 9 98 123 125 100 81 8 115 46 7 82 54 18 63 77 73 6 47 102 86 109 33 42 91 107 70 104 23 21 36 72 78 122 99 126 12 76 64 38 62 19 14 106 92 95 50 17 55 40 119 111 61 39 56 2 89 30 35 22 105 15 44 97 10 80 101 48 68 94 93 69 108 87 26 58 29 90 43 16 51 84 67 49 96 45 116 75 13 20 24 32 110 120 5 74 117 1 57 27 0 28 59 4 
121 124 115 38 31 28 22 85 127 57 109 63 82 100 68 34 62 110 50 80 49 111 6 95 120 122 97 78 5 112 43 4 79 51 15 60 74 70 3 44 99 83 106 30 39 88 104 67 101 20 18 33 69 75 119 96 123 9 73 61 35 59 16 11 103 89 92 47 14 52 37 116 108 58 36 53 126 86 27 32 19 102 12 41 94 7 77 98 45 65 91 90 66 105 84 23 55 26 87 40 13 48 81 64 46 93 42 113 72 10 17 21 29 107 117 2 71 114 125 54 24 0 25 56 1 118 76 8 
79 115 124 46 62 25 59 105 103 118 27 33 77 54 81 94 31 19 120 17 101 96 61 47 50 5 99 10 122 74 66 16 121 11 84 44 112 117 104 60 97 126 52 92 35 56 3 23 49 48 24 63 42 108 13 111 45 125 98 6 39 22 4 51 127 71 30 95 102 106 114 65 75 87 29 72 83 12 109 0 110 14 86 76 34 93 82 73 123 116 113 107 43 85 15 67 21 40 58 26 119 20 68 8 38 7 69 91 53 78 80 55 36 90 70 1 89 37 9 100 18 32 28 88 2 57 41 64 
115 79 121 51 103 57 76 94 62 28 56 104 44 74 43 105 127 89 114 116 91 72 126 106 37 125 73 45 9 54 68 64 124 38 93 77 100 24 33 82 98 61 95 14 12 27 63 69 113 90 117 3 67 55 29 53 10 5 97 83 86 41 8 46 31 110 102 52 30 47 120 80 21 26 13 96 6 35 88 1 71 92 39 59 85 84 60 99 78 17 49 20 81 34 7 42 75 58 40 87 36 107 66 4 11 15 23 101 111 123 65 108 119 48 18 0 19 50 122 112 70 2 118 109 32 25 22 16 
67 42 69 82 19 7 108 5 89 84 49 35 38 120 87 125 110 62 54 4 109 126 72 32 100 105 92 48 85 114 40 80 23 44 118 11 37 36 12 51 30 96 1 99 33 113 86 121 27 10 119 39 115 59 18 83 90 94 102 53 63 75 17 60 71 127 97 0 98 2 74 64 22 81 70 61 111 104 101 95 31 73 3 55 9 28 46 14 107 8 56 123 26 122 57 79 41 66 68 43 24 78 58 116 77 25 124 88 6 20 16 76 117 45 29 52 103 112 34 50 13 47 93 91 106 15 21 65 
42 67 23 60 89 15 55 125 19 93 113 12 11 114 26 5 71 103 74 8 88 61 96 2 112 94 14 90 34 120 58 65 69 77 28 38 50 119 35 46 102 72 0 73 104 49 39 124 56 45 36 86 79 76 70 6 48 105 30 111 3 21 116 82 110 31 98 1 97 32 54 16 41 43 18 126 53 33 91 52 127 99 63 108 122 118 51 92 20 4 27 78 87 9 25 115 22 68 66 81 117 123 40 17 44 57 121 109 83 107 64 59 24 10 13 95 62 100 85 37 29 106 84 101 47 7 75 80 
69 23 67 44 71 84 21 9 110 7 91 86 51 37 40 122 89 127 112 64 56 6 111 1 74 34 102 107 94 50 87 116 42 82 25 46 120 13 39 38 14 53 32 98 3 101 35 115 88 123 29 12 121 41 117 61 20 85 92 96 104 55 65 77 19 62 73 2 99 0 100 4 76 66 24 83 72 63 113 106 103 97 33 75 5 57 11 30 48 16 109 10 58 125 28 124 59 81 43 68 70 45 26 80 60 118 79 27 126 90 8 22 18 78 119 47 31 54 105 114 36 52 15 49 95 93 108 17 
23 69 42 77 110 93 75 122 71 15 101 39 46 50 58 9 19 31 100 16 27 83 53 0 54 85 30 20 105 37 26 17 67 60 57 51 114 29 86 11 92 111 2 97 63 91 12 79 109 78 13 35 124 22 24 126 107 34 14 72 33 108 80 44 89 103 99 32 73 1 112 8 59 68 117 6 96 3 49 47 62 98 104 21 125 25 38 102 90 64 88 45 40 5 118 121 76 43 81 66 18 10 87 65 82 28 115 56 61 48 4 41 70 123 36 106 127 74 94 120 119 95 7 113 52 84 55 116 
82 60 44 67 118 127 49 65 28 62 108 106 121 30 36 80 57 84 97 34 22 123 20 104 99 64 50 53 8 102 13 125 77 69 19 124 14 87 47 115 120 107 63 100 2 55 95 38 59 6 26 52 51 27 66 45 111 16 114 48 1 101 9 42 25 7 54 3 74 33 98 105 109 117 68 78 90 32 75 86 15 112 0 113 17 89 79 37 96 85 76 126 119 116 110 46 88 18 70 24 43 61 29 122 23 71 11 41 10 72 94 56 81 83 58 39 93 73 4 92 40 12 103 21 35 31 91 5 
60 82 77 42 28 31 113 80 118 103 55 47 124 102 119 65 25 93 98 85 41 78 107 33 73 16 37 111 4 30 29 5 44 23 89 121 92 26 106 79 114 20 3 112 32 108 52 11 76 83 87 95 46 56 68 10 53 64 120 90 0 91 122 67 57 15 74 63 54 104 97 94 88 24 66 123 48 2 21 39 7 100 1 49 116 19 115 50 72 34 59 61 36 17 71 51 109 70 18 117 81 126 13 9 69 110 38 22 45 96 105 27 43 6 40 86 84 99 8 14 58 35 62 75 12 127 101 125 
44 77 82 69 25 62 91 17 57 127 21 95 115 14 13 116 28 7 73 105 76 10 90 63 98 4 114 96 16 92 36 122 60 67 71 79 30 40 52 121 37 48 104 74 0 75 106 51 41 126 58 47 38 88 81 78 72 8 50 107 32 113 5 23 118 84 112 33 100 3 99 34 56 18 43 45 20 1 55 35 93 54 2 101 65 110 124 120 53 94 22 6 29 80 89 11 27 117 24 70 68 83 119 125 42 19 46 59 123 111 85 109 66 61 26 12 15 97 64 102 87 39 31 108 86 103 49 9 
77 44 60 23 57 103 101 116 25 31 75 52 79 92 29 17 118 15 99 94 59 45 48 3 97 8 120 72 64 14 119 9 82 42 110 115 102 58 95 124 50 90 33 54 1 21 47 46 22 61 40 106 11 109 43 123 96 4 37 20 2 49 125 69 28 93 100 104 112 63 73 85 27 70 81 10 107 0 108 12 84 74 32 91 80 71 121 114 111 105 41 83 13 65 19 38 56 24 117 18 66 6 36 5 67 89 51 76 78 53 34 88 68 126 87 35 7 98 16 30 26 86 127 55 39 62 113 122 
19 89 71 118 67 11 97 35 42 46 54 5 15 27 96 12 23 79 49 0 50 81 26 16 101 33 22 13 63 56 53 47 110 25 82 7 88 107 125 93 59 87 8 75 105 74 9 31 120 18 20 122 103 30 10 68 29 104 76 40 85 99 95 28 69 124 108 4 55 64 113 2 92 126 45 43 58 94 100 17 121 21 34 98 86 60 84 41 36 1 114 117 72 39 77 62 14 6 83 61 78 24 111 52 57 44 127 37 66 119 32 102 123 70 90 116 115 91 3 109 48 80 51 112 65 38 73 106 
89 19 110 28 42 38 98 12 67 51 74 125 7 56 72 35 69 115 113 1 37 43 87 64 91 104 41 29 3 27 111 106 71 57 60 15 109 20 5 84 76 26 4 21 94 54 122 127 114 70 107 9 62 102 45 66 13 33 59 58 34 73 52 118 23 121 55 8 108 16 49 32 14 61 10 81 40 105 112 116 124 75 85 97 39 82 93 22 119 0 120 24 96 86 44 103 92 83 6 126 123 117 53 95 25 77 31 50 68 36 2 30 78 18 48 17 79 101 63 88 90 65 46 100 80 11 99 47 
71 110 19 25 69 46 73 86 23 11 112 9 93 88 53 39 42 124 91 2 114 66 58 8 113 3 76 36 104 109 96 52 89 118 44 84 27 48 122 15 41 40 16 55 34 100 5 103 37 117 90 125 31 14 123 43 119 63 22 87 94 98 106 57 67 79 21 64 75 4 101 0 102 6 78 68 26 85 74 65 115 108 105 99 35 77 7 59 13 32 50 18 111 12 60 127 30 126 61 83 45 70 72 47 28 82 62 120 81 29 1 92 10 24 20 80 121 49 33 56 107 116 38 54 17 51 97 95 
110 71 89 57 23 51 99 39 69 38 100 122 84 109 111 86 67 121 101 32 120 68 40 4 49 63 59 119 33 88 72 95 19 28 77 93 56 90 9 7 22 58 64 108 85 112 125 62 50 24 48 5 127 92 78 81 36 3 41 26 105 97 47 25 42 115 75 16 21 8 91 1 30 83 123 66 87 34 54 80 79 55 94 73 12 44 15 76 29 2 37 70 53 35 82 31 102 61 126 6 10 18 96 106 118 60 103 114 43 13 0 14 45 117 107 65 124 113 104 27 20 17 11 74 116 46 98 52 
118 28 25 19 82 124 54 106 60 79 97 65 31 59 107 47 77 46 108 3 92 117 119 94 75 2 109 40 1 76 48 12 57 71 67 127 41 96 80 103 27 36 85 101 64 98 17 15 30 66 72 116 93 120 6 70 58 32 56 13 8 100 86 89 44 11 49 34 113 105 55 33 50 123 83 24 29 16 99 9 38 91 4 74 95 42 62 88 87 63 102 81 20 52 23 84 37 10 45 78 61 43 90 39 110 69 7 14 18 26 104 114 126 68 111 122 51 21 0 22 53 125 115 73 5 121 112 35 
28 118 57 89 60 121 74 47 82 115 98 80 127 76 20 106 44 51 55 63 14 24 36 105 21 32 88 58 0 59 90 35 25 110 42 31 22 72 65 62 56 119 34 91 16 97 116 7 102 68 96 17 84 114 83 18 40 2 27 29 4 112 39 19 77 38 113 85 49 94 108 104 37 78 6 117 13 64 73 122 11 101 8 54 52 67 103 109 26 3 30 43 107 95 69 93 50 45 10 123 126 81 48 86 71 23 15 92 70 87 33 120 61 66 53 9 46 75 1 41 111 5 79 99 125 124 100 12 
25 57 118 71 44 79 112 95 77 124 73 17 103 41 48 52 60 11 21 33 102 18 29 85 55 0 56 87 32 22 107 39 28 19 69 62 59 53 116 31 88 13 94 113 4 99 65 93 14 81 111 80 15 37 126 24 26 1 109 36 16 74 35 110 82 46 91 105 101 34 75 3 114 10 61 70 119 8 98 5 51 49 64 100 106 23 127 27 40 104 92 66 90 47 42 7 120 123 78 45 83 68 20 12 89 67 84 30 117 58 63 50 6 43 72 125 38 108 2 76 96 122 121 97 9 115 54 86 
57 25 28 110 77 115 100 52 44 121 99 116 62 22 90 95 82 38 75 104 30 70 13 34 108 1 27 26 2 41 20 86 118 89 23 103 76 111 17 127 109 29 105 49 8 73 80 84 92 43 53 65 7 50 61 117 87 0 88 119 64 54 12 71 60 51 101 94 91 85 21 63 120 45 126 18 36 4 97 125 46 113 16 112 47 69 31 56 58 33 14 68 48 106 67 15 114 78 123 10 6 66 107 35 19 42 93 102 24 40 3 37 83 81 96 5 11 55 32 59 72 9 124 98 122 79 74 39 
37 50 120 14 88 108 7 6 109 21 127 66 98 69 3 83 56 91 124 107 89 9 85 29 115 53 60 64 72 23 33 45 114 30 41 97 67 0 68 99 44 34 119 51 40 31 81 74 71 65 1 43 100 25 106 125 16 111 77 105 26 93 123 92 27 49 11 36 38 13 121 48 28 86 47 122 94 58 103 117 113 46 87 15 126 22 73 82 4 20 110 17 63 61 76 112 118 35 12 39 52 116 104 78 102 59 54 19 5 8 90 57 95 80 32 24 101 79 96 42 2 70 75 62 18 55 84 10 
50 37 114 92 109 55 15 83 88 75 31 68 97 23 63 6 27 101 121 20 19 122 34 13 79 111 82 16 96 69 104 10 120 102 22 98 42 1 66 73 77 85 36 46 58 127 43 54 110 80 0 81 112 57 47 5 64 53 44 94 87 84 78 14 56 113 38 119 11 29 124 90 118 39 106 9 105 40 62 24 49 51 26 7 61 41 99 60 8 107 71 116 3 126 59 100 28 12 35 86 95 17 33 123 30 76 74 89 125 4 48 25 52 65 2 117 91 115 72 67 32 18 21 103 70 108 93 45 
120 114 37 30 27 21 84 126 56 108 62 81 99 67 33 61 109 49 79 48 110 5 94 119 121 96 77 4 111 42 3 78 50 14 59 73 69 2 43 98 82 105 29 38 87 103 66 100 19 17 32 68 74 118 95 122 8 72 60 34 58 15 10 102 88 91 46 13 51 36 115 107 57 35 52 125 85 26 31 18 101 11 40 93 6 76 97 44 64 90 89 65 104 83 22 54 25 86 39 12 47 80 63 45 92 41 112 71 9 16 20 28 106 116 1 70 113 124 53 23 0 24 55 127 117 75 7 123 
114 120 50 102 56 75 93 61 27 55 103 43 73 42 104 126 88 113 115 90 71 125 105 36 124 72 44 8 53 67 63 123 37 92 76 99 23 32 81 97 60 94 13 11 26 62 68 112 89 116 2 66 54 28 52 9 4 96 82 85 40 7 45 30 109 101 51 29 46 119 79 20 25 12 95 5 34 87 127 70 91 38 58 84 83 59 98 77 16 48 19 80 33 6 41 74 57 39 86 35 106 65 3 10 14 22 100 110 122 64 107 118 47 17 0 18 49 121 111 69 1 117 108 31 24 21 15 78 
14 92 30 37 41 49 127 10 22 91 7 18 74 44 0 45 76 21 11 96 28 17 8 58 51 48 42 105 20 77 2 83 102 120 88 54 82 3 70 100 69 4 26 115 13 15 117 98 25 5 63 24 99 71 35 80 94 90 23 64 119 103 126 50 59 108 124 87 121 40 38 53 89 95 12 116 16 29 93 81 55 79 36 31 123 109 112 67 34 72 57 9 1 78 56 73 19 106 47 52 39 122 32 61 114 27 97 118 65 85 111 110 86 125 104 43 75 46 107 60 33 68 101 84 66 113 62 6 
92 14 102 50 22 113 31 45 41 101 15 70 54 77 1 10 59 75 38 72 118 116 4 40 46 90 67 94 107 44 32 6 30 114 109 74 60 63 18 112 23 8 87 79 29 7 24 97 57 125 3 117 73 110 12 65 105 48 69 16 36 62 61 37 76 55 121 26 124 58 11 111 19 52 35 17 64 13 84 43 108 115 119 127 78 88 100 42 85 96 25 122 0 123 27 99 89 47 106 95 86 9 2 126 120 56 98 28 80 34 53 71 39 5 33 81 21 51 20 82 104 66 91 93 68 49 103 83 
30 102 14 120 59 91 62 123 76 49 84 117 100 82 2 78 22 108 46 53 57 65 16 26 38 107 23 34 90 60 0 61 92 37 27 112 44 33 24 74 67 64 58 121 36 93 18 99 118 9 104 70 98 19 86 116 85 20 42 4 29 31 6 114 41 21 79 40 115 87 51 96 110 106 39 80 8 119 15 66 75 124 13 103 10 56 54 69 105 111 28 5 32 45 109 97 71 95 52 47 12 125 1 83 50 88 73 25 17 94 72 89 35 122 63 68 55 11 48 77 3 43 113 7 81 101 127 126 
102 30 92 114 76 101 103 78 59 113 93 24 112 60 32 123 41 55 51 111 25 80 64 87 11 20 69 85 48 82 1 126 14 50 56 100 77 104 117 54 42 16 40 124 119 84 70 73 28 122 33 18 97 89 39 17 34 107 67 8 13 127 83 120 22 75 115 58 79 26 46 72 71 47 86 65 4 36 7 68 21 121 29 62 45 27 74 23 94 53 118 125 2 10 88 98 110 52 95 106 35 5 0 6 37 109 99 57 116 105 96 19 12 9 3 66 108 38 90 44 63 81 49 15 43 91 31 61 
88 109 27 41 37 97 11 66 50 73 124 6 55 71 34 68 114 112 127 36 42 86 63 90 103 40 28 2 26 110 105 70 56 59 14 108 19 4 83 75 25 3 20 93 53 121 126 113 69 106 8 61 101 44 65 12 32 58 57 33 72 51 117 22 120 54 7 107 15 48 31 13 60 9 80 39 104 111 115 123 74 84 96 38 81 92 21 118 0 119 23 95 85 43 102 91 82 5 125 122 116 52 94 24 76 30 49 67 35 1 29 77 17 47 16 78 100 62 87 89 64 45 99 79 10 98 46 18 
109 88 56 22 50 98 38 68 37 99 121 83 108 110 85 66 120 100 31 119 67 39 3 48 62 58 118 32 87 71 94 18 27 76 92 55 89 8 6 21 57 63 107 84 111 124 61 49 23 47 4 126 91 77 80 35 2 40 25 104 96 46 24 41 114 74 15 20 7 90 127 29 82 122 65 86 33 53 79 78 54 93 72 11 43 14 75 28 1 36 69 52 34 81 30 101 60 125 5 9 17 95 105 117 59 102 113 42 12 0 13 44 116 106 64 123 112 103 26 19 16 10 73 115 45 97 51 70 
27 56 88 59 120 73 46 81 114 97 79 126 75 19 105 43 50 54 62 13 23 35 104 20 31 87 57 0 58 89 34 24 109 41 30 21 71 64 61 55 118 33 90 15 96 115 6 101 67 95 16 83 113 82 17 39 1 26 28 3 111 38 18 76 37 112 84 48 93 107 103 36 77 5 116 12 63 72 121 10 100 7 53 51 66 102 108 25 2 29 42 106 94 68 92 49 44 9 122 125 80 47 85 70 22 14 91 69 86 32 119 60 65 52 8 45 74 127 40 110 4 78 98 124 123 99 11 117 
56 27 109 76 114 99 51 43 120 98 115 61 21 89 94 81 37 74 103 29 69 12 33 107 127 26 25 1 40 19 85 117 88 22 102 75 110 16 126 108 28 104 48 7 72 79 83 91 42 52 64 6 49 60 116 86 0 87 118 63 53 11 70 59 50 100 93 90 84 20 62 119 44 125 17 35 3 96 124 45 112 15 111 46 68 30 55 57 32 13 67 47 105 66 14 113 77 122 9 5 65 106 34 18 41 92 101 23 39 2 36 82 80 95 4 10 54 31 58 71 8 123 97 121 78 73 38 24 
41 22 59 88 14 54 124 18 92 112 11 10 113 25 4 70 102 73 7 87 60 95 1 111 93 13 89 33 119 57 64 68 76 27 37 49 118 34 45 101 71 0 72 103 48 38 123 55 44 35 85 78 75 69 5 47 104 29 110 2 20 115 81 109 30 97 127 96 31 53 15 40 42 17 125 52 32 90 51 126 98 62 107 121 117 50 91 19 3 26 77 86 8 24 114 21 67 65 80 116 122 39 16 43 56 120 108 82 106 63 58 23 9 12 94 61 99 84 36 28 105 83 100 46 6 74 79 66 
22 41 76 109 92 74 121 70 14 100 38 45 49 57 8 18 30 99 15 26 82 52 0 53 84 29 19 104 36 25 16 66 59 56 50 113 28 85 10 91 110 1 96 62 90 11 78 108 77 12 34 123 21 23 125 106 33 13 71 32 107 79 43 88 102 98 31 72 127 111 7 58 67 116 5 95 2 48 46 61 97 103 20 124 24 37 101 89 63 87 44 39 4 117 120 75 42 80 65 17 9 86 64 81 27 114 55 60 47 3 40 69 122 35 105 126 73 93 119 118 94 6 112 51 83 54 115 68 
59 76 41 27 30 112 79 117 102 54 46 123 101 118 64 24 92 97 84 40 77 106 32 72 15 36 110 3 29 28 4 43 22 88 120 91 25 105 78 113 19 2 111 31 107 51 10 75 82 86 94 45 55 67 9 52 63 119 89 0 90 121 66 56 14 73 62 53 103 96 93 87 23 65 122 47 1 20 38 6 99 127 48 115 18 114 49 71 33 58 60 35 16 70 50 108 69 17 116 80 125 12 8 68 109 37 21 44 95 104 26 42 5 39 85 83 98 7 13 57 34 61 74 11 126 100 124 81 
76 59 22 56 102 100 115 24 30 74 51 78 91 28 16 117 14 98 93 58 44 47 2 96 7 119 71 63 13 118 8 81 41 109 114 101 57 94 123 49 89 32 53 127 20 46 45 21 60 39 105 10 108 42 122 95 3 36 19 1 48 124 68 27 92 99 103 111 62 72 84 26 69 80 9 106 0 107 11 83 73 31 90 79 70 120 113 110 104 40 82 12 64 18 37 55 23 116 17 65 5 35 4 66 88 50 75 77 52 33 87 67 125 86 34 6 97 15 29 25 85 126 54 38 61 112 121 43 
108 55 21 49 97 37 67 36 98 120 82 107 109 84 65 119 99 30 118 66 38 2 47 61 57 117 31 86 70 93 17 26 75 91 54 88 7 5 20 56 62 106 83 110 123 60 48 22 46 3 125 90 76 79 34 1 39 24 103 95 45 23 40 113 73 14 19 6 89 126 28 81 121 64 85 32 52 78 77 53 92 71 10 42 13 74 27 127 35 68 51 33 80 29 100 59 124 4 8 16 94 104 116 58 101 112 41 11 0 12 43 115 105 63 122 111 102 25 18 15 9 72 114 44 96 50 69 87 
55 108 75 113 98 50 42 119 97 114 60 20 88 93 80 36 73 102 28 68 11 32 106 126 25 24 127 39 18 84 116 87 21 101 74 109 15 125 107 27 103 47 6 71 78 82 90 41 51 63 5 48 59 115 85 0 86 117 62 52 10 69 58 49 99 92 89 83 19 61 118 43 124 16 34 2 95 123 44 111 14 110 45 67 29 54 56 31 12 66 46 104 65 13 112 76 121 8 4 64 105 33 17 40 91 100 22 38 1 35 81 79 94 3 9 53 30 57 70 7 122 96 120 77 72 37 23 26 
21 75 108 91 73 120 69 13 99 37 44 48 56 7 17 29 98 14 25 81 51 0 52 83 28 18 103 35 24 15 65 58 55 49 112 27 84 9 90 109 127 95 61 89 10 77 107 76 11 33 122 20 22 124 105 32 12 70 31 106 78 42 87 101 97 30 71 126 110 6 57 66 115 4 94 1 47 45 60 96 102 19 123 23 36 100 88 62 86 43 38 3 116 119 74 41 79 64 16 8 85 63 80 26 113 54 59 46 2 39 68 121 34 104 125 72 92 118 117 93 5 111 50 82 53 114 67 40 
75 21 55 101 99 114 23 29 73 50 77 90 27 15 116 13 97 92 57 43 46 1 95 6 118 70 62 12 117 7 80 40 108 113 100 56 93 122 48 88 31 52 126 19 45 44 20 59 38 104 9 107 41 121 94 2 35 18 127 47 123 67 26 91 98 102 110 61 71 83 25 68 79 8 105 0 106 10 82 72 30 89 78 69 119 112 109 103 39 81 11 63 17 36 54 22 115 16 64 4 34 3 65 87 49 74 76 51 32 86 66 124 85 33 5 96 14 28 24 84 125 53 37 60 111 120 42 58 
49 113 91 108 54 14 82 87 74 30 67 96 22 62 5 26 100 120 19 18 121 33 12 78 110 81 15 95 68 103 9 119 101 21 97 41 127 65 72 76 84 35 45 57 126 42 53 109 79 0 80 111 56 46 4 63 52 43 93 86 83 77 13 55 112 37 118 10 28 123 89 117 38 105 8 104 39 61 23 48 50 25 6 60 40 98 59 7 106 70 115 2 125 58 99 27 11 34 85 94 16 32 122 29 75 73 88 124 3 47 24 51 64 1 116 90 114 71 66 31 17 20 102 69 107 92 44 36 
113 49 101 55 74 92 60 26 54 102 42 72 41 103 125 87 112 114 89 70 124 104 35 123 71 43 7 52 66 62 122 36 91 75 98 22 31 80 96 59 93 12 10 25 61 67 111 88 115 1 65 53 27 51 8 3 95 81 84 39 6 44 29 108 100 50 28 45 118 78 19 24 11 94 4 33 86 126 69 90 37 57 83 82 58 97 76 15 47 18 79 32 5 40 73 56 38 85 34 105 64 2 9 13 21 99 109 121 63 106 117 46 16 0 17 48 120 110 68 127 116 107 30 23 20 14 77 119 
91 101 49 21 112 30 44 40 100 14 69 53 76 127 9 58 74 37 71 117 115 3 39 45 89 66 93 106 43 31 5 29 113 108 73 59 62 17 111 22 7 86 78 28 6 23 96 56 124 2 116 72 109 11 64 104 47 68 15 35 61 60 36 75 54 120 25 123 57 10 110 18 51 34 16 63 12 83 42 107 114 118 126 77 87 99 41 84 95 24 121 0 122 26 98 88 46 105 94 85 8 1 125 119 55 97 27 79 33 52 70 38 4 32 80 20 50 19 81 103 65 90 92 67 48 102 82 13 
101 91 113 75 100 102 77 58 112 92 23 111 59 31 122 40 54 50 110 24 79 63 86 10 19 68 84 47 81 127 125 13 49 55 99 76 103 116 53 41 15 39 123 118 83 69 72 27 121 32 17 96 88 38 16 33 106 66 7 12 126 82 119 21 74 114 57 78 25 45 71 70 46 85 64 3 35 6 67 20 120 28 61 44 26 73 22 93 52 117 124 1 9 87 97 109 51 94 105 34 4 0 5 36 108 98 56 115 104 95 18 11 8 2 65 107 37 89 43 62 80 48 14 42 90 30 60 29 
97 98 73 54 108 88 19 107 55 27 118 36 50 46 106 20 75 59 82 6 15 64 80 43 77 123 121 9 45 51 95 72 99 112 49 37 11 35 119 114 79 65 68 23 117 28 13 92 84 34 12 29 102 62 3 8 122 78 115 17 70 110 53 74 21 41 67 66 42 81 60 126 31 2 63 16 116 24 57 40 22 69 18 89 48 113 120 124 5 83 93 105 47 90 101 30 127 0 1 32 104 94 52 111 100 91 14 7 4 125 61 103 33 85 39 58 76 44 10 38 86 26 56 25 87 109 71 96 
98 97 99 74 55 109 89 20 108 56 28 119 37 51 47 107 21 76 60 83 7 16 65 81 44 78 124 122 10 46 52 96 73 100 113 50 38 12 36 120 115 80 66 69 24 118 29 14 93 85 35 13 30 103 63 4 9 123 79 116 18 71 111 54 75 22 42 68 67 43 82 61 127 32 3 64 17 117 25 58 41 23 70 19 90 49 114 121 125 6 84 94 106 48 91 102 31 1 0 2 33 105 95 53 112 101 92 15 8 5 126 62 104 34 86 40 59 77 45 11 39 87 27 57 26 88 110 72 
73 99 97 112 21 27 71 48 75 88 25 13 114 11 95 90 55 41 44 126 93 4 116 68 60 10 115 5 78 38 106 111 98 54 91 120 46 86 29 50 124 17 43 42 18 57 36 102 7 105 39 119 92 127 33 16 125 45 121 65 24 89 96 100 108 59 69 81 23 66 77 6 103 0 104 8 80 70 28 87 76 67 117 110 107 101 37 79 9 61 15 34 52 20 113 14 62 2 32 1 63 85 47 72 74 49 30 84 64 122 83 31 3 94 12 26 22 82 123 51 35 58 109 118 40 56 19 53 
99 73 98 100 75 56 110 90 21 109 57 29 120 38 52 48 108 22 77 61 84 8 17 66 82 45 79 125 123 11 47 53 97 74 101 114 51 39 13 37 121 116 81 67 70 25 119 30 15 94 86 36 14 31 104 64 5 10 124 80 117 19 72 112 55 76 23 43 69 68 44 83 62 1 33 4 65 18 118 26 59 42 24 71 20 91 50 115 122 126 7 85 95 107 49 92 103 32 2 0 3 34 106 96 54 113 102 93 16 9 6 127 63 105 35 87 41 60 78 46 12 40 88 28 58 27 89 111 
54 74 112 97 49 41 118 96 113 59 19 87 92 79 35 72 101 27 67 10 31 105 125 24 23 126 38 17 83 115 86 20 100 73 108 14 124 106 26 102 46 5 70 77 81 89 40 50 62 4 47 58 114 84 0 85 116 61 51 9 68 57 48 98 91 88 82 18 60 117 42 123 15 33 1 94 122 43 110 13 109 44 66 28 53 55 30 11 65 45 103 64 12 111 75 120 7 3 63 104 32 16 39 90 99 21 37 127 34 80 78 93 2 8 52 29 56 69 6 121 95 119 76 71 36 22 25 107 
74 54 100 98 113 22 28 72 49 76 89 26 14 115 12 96 91 56 42 45 127 94 5 117 69 61 11 116 6 79 39 107 112 99 55 92 121 47 87 30 51 125 18 44 43 19 58 37 103 8 106 40 120 93 1 34 17 126 46 122 66 25 90 97 101 109 60 70 82 24 67 78 7 104 0 105 9 81 71 29 88 77 68 118 111 108 102 38 80 10 62 16 35 53 21 114 15 63 3 33 2 64 86 48 73 75 50 31 85 65 123 84 32 4 95 13 27 23 83 124 52 36 59 110 119 41 57 20 
112 100 54 73 91 59 25 53 101 41 71 40 102 124 86 111 113 88 69 123 103 34 122 70 42 6 51 65 61 121 35 90 74 97 21 30 79 95 58 92 11 9 24 60 66 110 87 114 127 64 52 26 50 7 2 94 80 83 38 5 43 28 107 99 49 27 44 117 77 18 23 10 93 3 32 85 125 68 89 36 56 82 81 57 96 75 14 46 17 78 31 4 39 72 55 37 84 33 104 63 1 8 12 20 98 108 120 62 105 116 45 15 0 16 47 119 109 67 126 115 106 29 22 19 13 76 118 48 
100 112 74 99 101 76 57 111 91 22 110 58 30 121 39 53 49 109 23 78 62 85 9 18 67 83 46 80 126 124 12 48 54 98 75 102 115 52 40 14 38 122 117 82 68 71 26 120 31 16 95 87 37 15 32 105 65 6 11 125 81 118 20 73 113 56 77 24 44 70 69 45 84 63 2 34 5 66 19 119 27 60 43 25 72 21 92 51 116 123 127 8 86 96 108 50 93 104 33 3 0 4 35 107 97 55 114 103 94 17 10 7 1 64 106 36 88 42 61 79 47 13 41 89 29 59 28 90 